100
1000
100007
100012
100031
100044
100045
100051
100057
10006
100064
100068
100070
100081
100082
100090
100111
100117
100123
100125
100126
100136
100153
100165
100175
100182
100192
100205
100209
10021
100211
100222
100226
100235
100269
100275
100276
100283
100288
100295
100296
100313
100318
100326
100346
100355
100364
100383
100406
100413
100442
100445
100449
100454
100455
100473
100474
100477
100483
100486
100487
100492
100501
100507
100508
100538
100557
100566
100570
100599
10060
100605
100610
100611
10063
100630
100634
100674
100676
100680
100698
100738
100747
100763
100770
100774
100786
100791
100794
10081
100846
100848
100861
100893
1009
100913
100915
100928
100929
100932
100934
100938
100945
100947
10096
100962
10097
10098
100991
101004
101007
10102
101029
101030
10105
101057
101058
10107
101078
101083
101097
101101
101110
101116
101117
101118
101119
101140
101144
101169
101171
101180
101184
101190
101200
101209
101213
101216
101223
101226
10123
101248
101276
101289
10129
101290
101293
101299
101300
101312
101324
101326
101335
101339
101354
101356
101372
101396
101406
101409
101426
101432
101435
101439
101445
101452
101453
101460
101464
101472
101473
101480
101496
101498
101499
101517
101519
101522
101528
10153
101537
101540
101544
101551
101561
10157
101570
101581
101585
101598
101600
101608
101620
101622
101644
101647
101648
101658
101674
10168
101681
101684
101689
10169
101694
101705
101718
101720
101730
101752
101753
101756
101776
101800
101811
101812
101830
101831
10184
101848
10185
101852
101867
101897
101900
101903
101927
101944
101956
101960
101963
101978
101983
101984
101989
101990
10200
102002
102008
102010
102029
102033
102041
102043
102052
102061
102062
102064
102066
102069
102071
102084
102113
102122
102125
102128
102132
102135
10215
102158
102160
102164
102168
102180
10219
102196
102201
102205
102218
102235
102239
102243
102276
10228
102281
102282
102302
102310
102325
102329
102340
102345
102358
102371
10238
102384
102396
102411
102430
102432
102450
102469
10248
102484
102501
102508
10251
102522
102535
102536
102554
102565
102590
102598
102604
102608
102611
102612
102615
102620
102627
102630
102639
102640
102653
102654
102658
102672
102680
10269
102701
102705
102708
102721
102725
102743
102749
102760
102782
102807
102812
102823
102842
102843
10287
1029
102907
102916
102927
102945
102956
102958
102975
102979
102990
102996
103001
103004
103005
103007
103009
103021
103030
103053
103061
103078
103120
103134
103137
103145
103156
103169
103173
103178
103179
103186
103205
103210
103212
103213
103214
103216
103218
103221
103226
103234
103240
10329
10330
10334
1034
10344
10349
1037
10381
10389
10395
10399
10400
10406
10415
10436
10439
10450
10460
10469
1047
10473
10474
10476
10484
1049
10493
10516
10518
10523
10526
10541
10560
10569
10576
10580
10593
106
10600
1062
10628
10646
10661
10662
10668
10680
10682
10687
10704
10721
10724
10734
10743
10749
10755
10756
10778
10782
10783
10797
10805
10809
10810
10818
10846
10848
1085
10864
10865
10866
10893
10901
10909
10910
10918
10925
10947
1095
10955
10969
10972
10973
10975
10996
10998
11007
11008
11010
11026
11031
11038
11055
11057
11058
11059
11071
1108
11103
11118
11119
11123
11125
11127
11166
11176
11185
11190
11216
11217
11225
11238
11245
11251
1126
11260
11263
11283
11289
11291
11294
11299
11300
11306
1133
11330
11331
11335
11338
11342
11344
11361
11369
1137
11376
11381
11394
11413
11416
11421
11424
11438
11440
1145
11451
11455
11457
11459
1146
11460
11465
11479
11487
11498
11503
11510
11511
11535
11542
11551
11567
11568
11583
11586
11595
11599
11602
11613
11614
11616
11622
1163
11630
11636
11639
1164
11652
11653
11661
11668
11669
11676
11683
11704
11721
11726
11740
11754
11770
11776
11792
11827
11837
11840
11841
11847
1185
11876
11895
11901
11902
11958
11960
11971
11974
12
12006
1202
12021
12034
12038
12041
12057
1207
12071
12085
12096
12097
12104
1211
12113
1212
12125
12131
12135
12142
1215
12151
12157
12164
12190
12199
12213
12226
12227
12237
12243
12255
12262
12264
12267
12285
12303
12311
12322
12325
12330
12332
12339
12363
12367
1237
12372
12400
12401
12404
12407
12415
12422
12433
12438
12444
12455
12457
1246
12467
12474
12481
12483
12485
12487
12496
12504
12517
12526
12529
12547
12566
12567
12597
126
1260
12612
12617
1263
12644
12647
12648
12651
12658
12664
12667
1267
12672
12675
12679
12682
12692
12714
12715
1272
12721
12725
12729
12736
1274
12748
12752
12756
12766
12778
12791
1280
12825
12836
12843
12848
12859
12870
12878
12885
12898
12906
12909
12926
12934
12936
12947
12948
12955
12986
12987
12996
13000
13001
13010
1302
13043
13048
1305
13086
13089
13091
13099
13103
13108
13110
13120
13131
13133
13159
1316
13162
13165
13166
13167
1317
13179
13188
13211
13223
13241
13242
13247
13249
13255
13260
13261
13301
13332
1334
13342
13366
13381
13383
13391
13392
1340
13403
13409
13413
13419
13420
13424
13433
13438
13442
13461
13462
13473
13488
13489
13502
13505
13510
13523
13537
13538
13548
13551
13555
13557
13558
13561
13567
13575
13578
13588
13597
13607
13628
13629
13630
13637
13647
13656
13678
13681
13685
13698
13712
13714
13719
13720
13728
13729
13746
13750
13759
13767
13774
13777
13783
13796
13813
13841
13850
13858
13864
13879
13893
13896
13897
1390
13904
13925
13926
13952
13958
13960
13965
14
14001
14008
14009
14015
14023
14031
14044
14059
14067
1408
14098
14099
14102
14109
1411
14117
14145
1415
14159
14161
14173
14182
14184
14191
14198
1421
14214
14217
14218
14223
14227
14233
14234
14248
14256
1428
14300
14309
14313
14325
14329
14334
14357
14360
14364
14382
14394
14399
14404
14413
14428
14436
14468
14482
14485
1451
14511
14512
14513
14523
14524
14530
14536
14544
14546
14549
14554
14561
14563
14576
14599
14618
1462
14629
1463
14630
14651
14657
14664
14679
1468
14681
14687
1469
14697
14703
14707
1471
1474
1475
14752
1477
14774
14777
14779
14782
14788
14793
14802
14803
14809
14814
14815
14828
14829
14831
14837
14843
14857
14861
14864
14865
14869
14872
14878
14888
14900
14912
14918
14923
14932
14935
14937
14944
14946
14952
14959
14963
14968
14973
14979
150
15002
15006
15015
15028
15031
15036
15052
15056
1506
15067
15072
1508
15089
15091
15092
15095
15096
151
15101
15117
15123
15127
15131
15133
15142
15144
15192
15195
152
15224
15228
15236
1524
15240
15269
1527
15280
15282
15308
15313
15314
15327
15328
1533
15333
15337
15350
15355
15363
15375
15380
1539
15395
15418
15419
15442
15443
15456
15463
15465
15484
15488
15490
15493
15497
15498
15500
15502
15533
15550
15554
15564
15572
15577
15585
15604
15634
15646
15660
15665
15675
15692
15696
1570
1571
15720
15732
15734
15736
15737
15745
15755
1576
15763
15764
15765
15774
15791
15793
15794
15796
15797
15798
1581
15810
15824
15825
15836
15842
15847
15851
15854
15855
15857
15863
15867
15871
15877
15879
15886
15891
15909
15913
15925
15933
15935
15943
15957
15970
15980
16008
16017
16019
16037
16039
16047
16050
16059
16066
16079
1608
16096
16097
16106
16121
16123
16135
16139
16141
16142
1615
16154
16158
16166
16183
16210
16212
16221
16227
16231
16238
16253
16268
1627
16275
16277
16281
16294
16312
16318
16325
16340
16344
16347
16363
16395
16404
16405
16416
16419
16429
1645
16470
16485
16497
16499
16508
16509
16523
16525
16541
16562
16565
16579
16585
16607
16608
16624
16628
16634
16636
16663
1667
16677
16678
16686
1669
16691
16694
16712
16717
16722
16723
16730
16736
16756
16771
16773
16774
16791
16800
16816
16830
16832
16837
16860
16861
16865
16878
16879
16880
16897
16901
16909
16920
16935
16941
16948
16953
16965
16976
16997
17000
17017
17018
17021
17031
17036
17041
17043
17056
17060
17070
17073
17091
17104
1716
17170
17173
17178
17192
17193
17195
17198
1722
17227
17234
17238
17243
17246
17250
17256
1726
17262
17263
17269
17270
17281
17288
17361
17365
17372
17391
17392
17413
17420
17426
17437
1744
1745
17451
17453
17454
17462
17478
17485
17518
17523
17528
17537
17548
17563
17581
17586
17598
17605
17616
17618
17626
17628
17629
17630
17644
17646
17666
17668
1767
17712
17717
17730
17735
17749
17754
1776
17761
17764
17768
1777
17772
17775
17786
17797
17801
17803
17809
1781
17813
17819
17824
17841
17843
17862
17868
1787
17876
17879
1788
17882
17893
1790
17902
17906
17909
17919
17921
17929
17946
17948
17957
17959
17968
17970
17993
17999
18004
18006
18010
18014
18016
18018
18027
18037
18048
18060
18062
18068
1807
18091
18093
18100
18101
18127
18137
18143
1816
18169
18174
18177
18180
18181
1820
18200
18204
18208
18209
18221
18226
18234
18237
18255
18266
1828
1829
18301
18309
18315
18328
18329
1834
18368
18383
18385
18387
18390
18393
18407
18410
18415
18418
18430
18431
18451
18464
18465
1847
18476
18502
18504
18505
18509
1851
18532
18534
18559
18560
18563
18576
18578
186
18610
18629
18637
1865
18652
18662
18665
1867
18679
18690
18697
187
18704
18713
18720
18722
1873
1874
18747
18754
18755
18771
18774
18777
1879
18790
18793
18824
18833
18837
18839
18853
1886
1887
18875
18876
18881
18886
18892
18896
18901
1891
18936
18939
18940
18945
18947
18952
18954
18956
18977
18998
18999
19013
19021
19028
1903
19032
19065
19080
1912
19122
19127
19132
1914
19140
19144
1916
19161
19169
1917
19182
19184
19189
19196
19206
1921
19217
19219
19220
19234
19235
19246
19269
19270
19271
19279
19284
19286
19287
1930
19308
19310
19345
19348
19350
19368
19376
19380
19388
19393
19416
19419
19424
19431
1945
1946
19465
19470
19484
19489
19498
19499
19505
19511
19528
19529
19533
19549
19554
19555
19561
19569
1957
19573
19577
19590
19597
19598
19611
19615
19621
19622
19625
19643
19647
19651
19655
19667
19696
19703
19705
19715
19717
19727
19732
19743
19750
19752
19759
19774
19780
19787
19796
19827
19829
19835
19842
19847
19873
19876
19877
19878
19882
19901
19905
19921
19927
19932
1994
19944
19950
19954
19961
19968
19969
19973
19986
19993
20001
20008
20011
20014
20026
20037
20042
20045
20048
2007
20073
20090
20104
20115
20120
20130
20139
20152
20180
20184
20197
20210
20214
20222
20235
20240
20252
2026
20273
20294
20318
20322
20325
20344
20345
20346
20352
20355
20365
20366
20368
20376
20377
20381
20386
20387
20396
20397
20398
20401
20411
20416
20419
2044
20441
20442
20445
20476
20487
20490
20492
20509
2051
20510
20523
20537
20541
2056
20572
20574
20582
20590
20591
20594
20597
20601
20627
20637
20648
20656
20662
20669
20680
20684
20687
20689
20691
20721
20742
20744
20752
20758
20773
20775
20777
20778
20779
20802
20805
20822
20836
20849
20863
20869
2090
20900
20908
20917
20929
20931
20934
20935
20943
20950
20955
2097
20977
20980
20990
20992
20998
21001
21002
21013
21015
21017
21018
2103
21035
21038
2104
21042
21052
21060
21077
21080
21091
21117
21122
21135
21139
21147
21149
21171
21182
21184
21194
2120
21220
21221
21223
21226
21230
21238
21243
21251
21255
21256
21300
21315
21316
21321
21323
21332
21334
21353
21354
21366
21383
21397
21408
21417
21423
21427
21428
21439
2145
21465
21466
21477
21480
21483
21490
21494
21535
2154
21554
2156
21560
21566
21573
21575
21588
21591
21594
2160
21611
21615
21617
21622
21628
21643
21645
21668
21678
21692
21701
21706
21712
21737
21748
21754
21755
21760
21766
21770
21779
21785
21795
21802
21803
21830
21836
21854
21862
21865
21866
21871
21910
21920
21926
21932
21956
21963
21981
21988
21989
22014
22043
22056
22076
22080
22085
22093
22094
22104
22116
22122
22127
22134
22148
22150
22152
22156
22157
22165
22166
22178
22195
222
22225
2223
22238
22244
22245
22249
22274
22290
22300
22309
22314
22334
22337
22362
22364
22370
22372
22389
22394
22403
22420
22424
22432
22437
22441
22451
22454
22466
22475
22479
22486
22494
22497
22503
22511
22513
22514
22519
2252
22521
22551
22567
22571
22576
22578
22581
22630
22642
22649
22651
22655
22657
22662
22666
22669
22687
22697
22702
22718
2273
22731
22732
22741
22743
22745
2275
22760
22773
22774
22781
22797
22801
2281
22811
22848
2285
22854
22856
22864
22865
2287
22876
22885
22889
22894
22916
22919
22923
22928
22929
22933
22943
22947
22951
22961
22965
22982
22994
22995
22996
230
23001
23002
23007
23018
23024
23028
23033
23037
23039
2304
23049
2307
23072
23075
23080
23084
23090
23106
23113
23115
23130
23134
23151
23154
23159
23172
23176
23177
23181
2319
23190
23199
2320
23226
23232
23234
23235
23236
23242
23244
2329
23292
23307
23319
23321
23331
23332
23333
23334
23337
23341
23342
23362
23363
23390
234
23402
23405
23406
23407
23409
23411
23415
23417
23427
23431
23440
23441
23462
23475
23481
23497
235
23502
23546
23561
23589
23598
23602
23604
23617
2362
2363
23635
23668
23673
23675
23677
23682
23690
23695
2370
23703
23734
2375
23755
23768
23778
23799
23818
23819
23827
2384
23843
23850
23857
23858
23866
23882
23884
23892
23896
23897
23906
23912
23932
23934
23938
23969
23987
23991
23995
24011
24025
24026
24039
24050
24055
24061
24073
24081
24093
24094
24097
241
24113
24123
24136
24142
24148
24150
24164
24165
24199
24205
24209
24218
24220
24222
24237
24242
24249
2425
24255
2427
24277
24282
2429
24294
24296
24301
24320
24346
24351
24357
24372
24378
24380
24389
24403
24404
24428
24453
24467
24474
24480
24481
24487
24523
24545
24558
24560
24567
24569
24583
24585
24598
24626
2464
24648
24662
24664
24666
24675
24689
24698
24716
24717
24729
24730
24735
24750
24753
24757
24791
24794
24813
24818
24829
24834
24838
24849
24857
24860
24876
24887
24907
24912
24914
24925
24929
2494
2496
24969
2497
24971
24976
24979
2499
24996
25012
25013
25023
25070
25084
25086
25102
25104
25107
25109
2512
25125
25128
25146
25147
25164
25168
25189
25192
25209
25238
25251
25252
25257
25269
25274
25280
25286
25290
25299
253
25300
2531
25317
2532
25326
25336
25349
2535
25376
25383
25387
25388
25417
25418
25421
25429
25439
25444
25446
25448
25451
25454
25461
25469
25471
25473
25481
2549
25517
25518
25520
25524
25528
25529
25531
25545
25552
2556
25572
25574
25579
25580
25597
25601
25603
25604
25618
25619
2562
25627
25640
25643
25646
25662
25674
25677
25686
25687
2569
25691
25699
25718
25731
2574
25747
25769
25776
25789
25791
25805
25810
25811
25833
25840
25848
25856
25865
25872
25881
25882
25887
25893
25898
25900
25902
25910
2592
25920
25933
25942
25945
25946
25949
25955
25956
25964
25976
25979
25985
25989
25999
26005
26024
26035
26038
2604
26046
26049
26053
26056
2606
26060
26064
2610
26121
2615
26165
26190
26221
26222
26231
26233
26242
26243
26247
26264
26268
26273
26275
26282
26291
26294
26308
26319
26320
26334
26337
26369
26382
26386
26387
26399
26407
26441
26443
26448
2645
26460
2647
26492
26496
26500
26508
26518
26520
26526
26532
26536
26539
26552
26561
26569
26588
26598
26614
26618
26631
26632
26641
26643
26675
26689
2670
26704
26716
26729
26732
2674
26751
26754
26763
26777
2678
26797
26798
26799
26800
26806
26807
26808
26813
26815
26823
26829
26839
26845
26855
26858
26859
26867
26869
26870
26871
26877
2688
26892
26903
26908
26915
26922
2693
26934
26950
26959
26967
26978
26982
26986
27001
2701
27014
27026
27031
27047
2705
27052
27055
27077
27087
27097
27098
27103
27113
27114
27115
27127
2713
27141
2715
27150
2716
27170
27172
27189
27205
27209
27220
27227
27231
27234
27239
2725
27256
27264
27272
27281
27289
27297
27302
27310
27315
27331
27334
27336
27341
27344
27348
27362
27386
27391
274
27401
27433
27450
27453
27459
2748
2749
27501
27505
27511
27518
27520
27534
27539
27558
27565
27577
27581
27582
27589
27590
27602
27607
27608
27618
27619
2763
2764
27643
27646
27650
27659
27661
27684
2769
27710
27712
27737
27738
27739
27740
27744
27752
27754
27776
27789
27794
27796
27804
27810
27812
27820
27848
27886
27894
2790
27900
27901
27904
27908
27910
27919
27922
27932
27944
27953
27977
27986
280
28001
28009
2801
28013
28018
28019
28039
28041
28042
28043
2806
28063
28081
28091
28097
2811
28128
28130
28161
28170
2818
28182
28189
28190
28192
28200
28203
28222
28225
28249
28260
28265
28278
28282
28285
2829
28292
28294
28299
283
2830
28302
28307
28313
28316
28318
28330
28334
28344
28352
28360
28361
28373
28390
2840
28400
28406
28411
28424
28427
28433
28440
28441
28456
28462
28477
2850
28510
28513
28515
28519
2852
2854
28548
28572
28575
28582
28590
2860
28600
28611
2862
28630
28646
28651
28670
28682
28692
28720
28735
2874
28747
28753
28764
2877
28776
28779
28791
28794
28797
28801
28822
28824
28832
28852
28865
28869
28870
28871
28897
28901
28904
28917
28925
28928
28945
28946
28950
28962
28994
28997
29003
29020
29039
29046
29053
29055
29056
29069
29070
29083
29084
2909
29090
29091
291
29105
29117
29118
29123
29129
29131
29132
29134
2914
29140
29145
29147
2915
29154
29181
29183
29184
2919
29191
29198
29221
29223
29228
2923
29246
29257
2926
29260
29265
29272
29284
29299
29307
29324
29333
29335
29343
29352
29360
29364
29365
29371
29397
29398
29405
29414
2942
29435
29436
29438
29445
29458
29466
29475
29488
29503
29505
29506
29507
29514
29547
29551
2956
29561
29569
2957
29572
29585
2959
29597
29599
29600
29608
29621
29628
29646
29648
29657
29663
29664
29675
29682
297
29702
2971
29712
29715
29730
29736
2974
29745
29746
29760
29765
29768
2977
29781
29788
29795
29806
29814
2982
29823
29849
2985
2986
29863
29874
29881
29889
2989
29925
2993
29943
29955
29958
29969
29970
30
30009
30010
30049
30050
30080
30100
30103
30106
30107
30112
30116
30127
30133
30140
30145
30166
30169
30170
30188
30211
30214
30220
30223
30228
3023
30240
3025
30284
30293
30295
303
30316
30324
3034
30340
30341
30342
30343
30350
30365
30369
30407
30414
30428
30436
30446
3046
30477
30480
30488
30492
30501
30502
30506
3052
30540
30579
30588
30593
30602
30609
3063
30633
30636
30637
30638
3064
30641
30657
30658
3066
30681
30697
30698
30729
3073
30733
30742
30746
30747
30756
3077
30780
30784
30785
30793
30798
308
30804
30812
30828
3083
30859
3086
30864
30866
30869
30881
30886
3089
30894
309
30924
30925
30945
30952
30958
30962
30973
30979
3098
30984
30996
31028
31031
31037
31042
31050
31055
31060
31061
31075
31078
31079
31089
31107
31120
31122
31137
31152
31156
31157
31161
31165
31169
31188
31193
31200
3121
31224
31226
31239
31248
31252
31254
31255
3126
31270
31278
31280
31283
31296
31320
31321
31332
31342
31345
31349
31355
3136
31365
31367
31387
314
31410
31422
3143
31432
31444
31449
31455
31456
31458
3147
31491
31494
31497
31503
31506
31509
31527
31531
31533
31545
31547
3155
31556
3156
31560
31561
31582
31590
31595
31599
31614
31620
31624
31625
31664
31665
31674
3169
31699
317
3170
31708
31737
31739
31743
31744
31761
31764
31771
31772
31779
31781
31787
31790
31793
31800
31803
31806
31814
31819
31821
31826
31829
31837
31845
31852
31868
31869
31870
31872
31881
31905
31908
31914
31920
31922
31939
31945
31949
31962
31971
31973
31978
31980
31984
32001
32013
3202
32022
32025
32026
32039
32076
32086
32091
32096
32107
32109
3211
32119
32120
32123
32129
32136
32138
32140
32164
32169
32170
32173
32187
3220
32206
3221
32212
32235
32239
32246
32252
32267
32268
3227
32285
32296
3230
32309
32313
3232
32327
32346
32349
32350
32366
32376
32379
3238
32386
32391
32420
32441
32443
32449
3245
32452
32461
32474
32485
32497
32498
32501
32511
32517
3252
32534
32535
32538
32581
32582
32589
32597
32626
32630
32639
32640
32641
32643
32649
3265
32669
32673
32677
32680
32697
32699
327
32743
32748
32750
32771
32780
32802
32818
3283
32831
32839
32844
32847
32854
32865
32870
3288
32883
3289
32904
32911
32919
32929
32935
32957
32958
32964
3297
32970
32975
32981
32985
3299
32991
33001
33006
33007
33028
33032
33036
33044
33045
33055
33058
33063
33085
33095
33105
33107
33117
33121
33130
33136
33153
33168
33171
33193
33200
33203
33209
33220
33229
33231
33236
33238
3324
33251
33253
33259
33263
33268
33278
33281
33284
33290
33317
33320
33322
33327
33334
33344
33363
33372
33383
33387
33393
33394
334
33407
33417
33418
33435
33438
33443
33445
3345
33454
33466
33470
33475
33481
33496
3350
3351
33516
33517
33519
33543
33549
33553
33556
33558
3356
33573
33586
33588
3360
33601
33605
33616
33647
33653
33657
33663
33665
33667
3367
33673
33675
33678
33683
33685
33687
33722
3373
33771
33781
33800
33810
33815
33816
33818
33819
33823
33825
3383
33833
33836
3384
33846
33848
33850
33852
33885
33890
33894
33915
33916
33920
33924
33938
3394
33941
33955
33956
33970
33985
33990
33992
3400
34015
34025
34034
34049
34062
34071
34095
34111
34112
34120
34121
34125
34132
34141
34163
34168
34170
34173
34175
34183
34187
34205
3422
34222
34240
34247
34258
34259
34261
34282
34305
34316
34317
34337
34346
34371
34372
34400
34409
34415
34424
34438
34439
34445
34448
34462
34484
34501
34502
3451
34514
34544
34557
34561
34598
34608
3461
34615
34616
34619
34622
34632
34649
34650
34656
34659
34671
3469
34698
34702
34703
34706
34710
34717
34725
3473
34733
34735
34739
3475
34759
34762
34773
34775
34798
34804
34827
34850
34853
34856
34861
34862
3487
34872
34877
34887
34888
34897
34899
34903
34908
3491
34910
34911
34921
34923
34935
3494
3497
34972
34975
34994
35029
35031
35048
35058
35070
35077
35093
35113
35121
35127
35144
35150
35151
35155
3516
35167
35199
35200
35206
3521
3522
35228
35235
3524
35244
35251
35256
35259
35262
35266
35272
3528
3529
35291
35296
35326
35327
35332
3534
35349
35350
35353
35363
35373
35374
35375
35396
35397
35413
35451
35453
35464
35465
35466
35471
35472
35473
35481
35485
35489
35494
35495
35500
35509
35511
35522
35541
35547
3555
35551
35573
35574
35585
35600
35613
35615
35632
35636
35649
3565
35650
35667
35693
35697
35700
35706
35713
35720
35732
35734
35735
35743
35747
3577
35801
35816
35854
3586
35860
35866
35869
359
35907
35908
3592
35925
35936
3596
35966
35978
35979
35985
36001
36005
36019
36023
36026
36033
36044
36057
36062
36065
36066
36078
36082
36085
36118
3612
36133
36160
36164
36166
36171
36179
36181
36186
36196
36249
36253
36257
36258
36265
36270
36271
36279
36287
36298
36318
36321
36331
3634
36345
36368
36376
36379
36387
36390
3640
36419
36423
36434
36436
36446
36451
36454
36457
36461
36462
36470
36474
36490
36495
36509
36517
36541
36564
36567
36568
36571
36574
36581
36585
36599
36600
36602
36603
36605
36610
36624
36644
36650
36658
3667
36671
36683
36693
36706
36707
36709
36723
36728
3674
36748
36761
36762
36780
36787
36790
3680
36805
3681
36810
36814
36837
36850
36871
36873
36876
3688
36883
36884
36894
36896
36900
36904
36908
36928
3694
36942
36945
36951
36967
36972
37002
37003
37017
37026
37027
3703
37050
3706
37066
37094
37096
371
37100
37110
37117
37126
37127
37129
3713
37138
37142
37160
37167
37178
37179
37181
37189
3719
37198
37215
37225
37229
37230
37256
37276
37283
37297
37317
37318
37324
37330
37336
37375
37377
37383
37390
37397
37400
37404
3741
37412
37413
37416
3743
37432
37437
37441
37449
37451
37453
37454
37456
37458
3746
37472
37477
37490
37517
37524
3753
37539
37546
37549
37550
37551
37556
37557
3757
37570
37572
37579
37597
376
37609
37612
37613
37639
37649
3767
37682
37687
3769
37699
37700
3772
37721
37728
3773
37731
37733
37750
3776
37770
37772
37778
37786
3780
37808
37821
37836
37837
37843
37849
37851
37856
37863
37869
3787
37871
37893
37895
37897
37907
37915
37936
37939
3794
37944
37949
37964
37970
37972
37996
37997
38008
38010
38014
38025
38026
38030
38034
38037
3805
38057
38065
38074
38077
38088
38093
38109
3812
38132
38153
38157
38164
38168
3817
38174
38185
38189
38196
382
38204
38210
38215
38216
38246
38252
38262
38266
38270
38274
38276
3828
38284
38286
38287
38289
38302
38309
38310
3832
38323
38330
38333
38336
38355
38360
38361
38362
3837
38375
38382
38390
3840
38405
38408
38412
38424
38425
3844
38447
38459
38465
38472
38478
38514
38529
38536
38544
3856
38573
3859
386
38616
38642
38646
38650
38652
38669
38670
38704
38705
38711
38718
3872
38721
38729
38731
38734
38738
38745
38756
38766
38793
38794
38796
38804
3881
38814
38841
38846
38860
38869
38872
3888
38885
38888
38915
38918
38930
38937
38957
38989
38999
39
39026
39033
39036
3904
39042
39048
39065
39067
39075
39090
39133
39138
39148
39154
3916
39171
39173
3918
39187
3919
39193
39204
39220
39229
39230
39236
39264
39265
39270
39275
39288
39293
39295
39308
39311
39315
39329
39336
39350
39354
39369
39384
39388
39389
39390
39407
39412
39424
39442
39444
39445
39451
39456
39466
39468
39469
39471
39474
39476
39479
39497
3951
39510
39519
39525
39528
39547
39553
39568
39570
39571
39576
39588
3959
39595
39605
39613
39615
39640
39644
39649
39652
39656
39676
39677
39701
39733
39734
39742
39752
39757
39766
39767
39768
39771
39772
39778
39779
39780
39782
39790
39792
39796
3980
39805
39809
39817
39826
39836
39838
39841
39849
39853
39858
39862
39872
3988
39892
3990
39902
39907
39911
3994
3996
39973
39980
39982
39984
39987
39997
500
50004
50015
50028
5003
50056
5006
50093
50101
50108
50119
50126
5013
50133
50147
50150
50167
50191
50192
50196
50197
50203
50205
50206
50211
50214
5022
50246
5026
50275
50276
50304
50315
5032
50326
50328
50335
50338
50342
50344
50351
50353
50367
5037
50370
50371
50373
50379
5038
50383
50391
50413
50415
50419
50430
50443
50449
50451
50501
50502
50506
50511
5052
50523
50525
50556
50557
50560
50561
50590
50607
50623
5063
50640
50642
50647
50661
50671
5068
50693
50716
50733
50737
50738
50741
50801
50803
50813
50832
50854
50861
50864
50868
50872
50878
50885
509
50927
50933
5094
50940
50954
5096
50963
50969
50977
50989
50995
51001
51010
51020
51053
51055
51060
51062
51068
51090
51099
51111
51117
51118
51128
51134
51141
51143
51150
51159
51163
51179
51181
51186
51195
51203
5121
51217
5123
51239
5124
51241
51245
51248
5125
51250
51251
51261
51262
51269
5127
51299
513
51303
51307
51311
51316
51318
51319
51325
51326
51331
51350
51362
51368
51378
51380
51384
51387
51389
51392
51397
51401
51429
5144
51446
51447
51454
51466
51487
51492
51497
5150
51545
51548
51553
51559
51561
51569
51581
516
51609
51624
51639
51643
51646
51648
5165
51658
51664
51665
51668
51670
51683
51694
51697
51705
51712
51714
51728
51741
51744
51752
51753
51755
51762
51765
5177
51773
51788
51795
51798
518
5180
51800
51807
51808
51813
51814
51820
51829
51836
51841
51853
51875
51899
5191
51915
51928
51944
51946
51949
51951
51966
51984
51985
51987
51990
51993
52005
52014
52017
52023
52024
52035
52047
52049
5206
52087
52104
52116
52124
52130
52144
52146
52151
52155
52158
52171
52175
52180
52183
52202
52209
52217
52221
52234
5224
52251
52258
52259
52263
52273
52289
52307
52309
52316
52332
52344
52367
52377
52414
52415
52440
52442
52449
52454
52459
52478
5249
52490
52508
52513
52522
52529
52544
5255
52566
52586
52591
52610
52625
52650
5266
52666
52670
52693
52696
52697
52705
52709
52712
52713
52714
52723
52724
52745
52747
52757
52777
52795
52828
52844
52851
52854
52865
52866
52868
52869
52870
52877
52882
52909
52927
52932
52943
5295
52956
52958
52968
5298
52986
52997
53008
53010
53011
53025
53036
53037
53039
53042
53048
53050
53051
53056
5306
53060
53062
53065
5307
53070
53076
53078
53088
53097
53103
53112
53114
53119
53121
53123
53133
53138
53147
53150
53161
5317
53191
53225
5323
53241
53246
53257
53285
53295
53297
5330
53309
53310
53311
53328
53338
53339
53362
53372
53374
53375
53379
53395
53414
53423
53432
53454
53475
53486
53488
53500
53501
5351
53515
53538
53547
53549
53552
53555
53563
53570
53575
53577
53579
53584
53585
53596
53607
53620
53645
5365
53650
53651
53656
53670
53673
53680
53698
53699
537
53710
53711
53716
53717
53726
53739
53748
5375
53753
53758
53765
53811
53843
53849
53863
53889
53896
53899
539
53905
53927
53930
53933
53947
53977
53979
53980
53981
53982
53988
53992
53993
54002
54007
54012
54024
54029
54033
54049
54063
54066
54068
54077
54081
54088
54097
54101
54102
54111
54120
54124
54138
54139
54152
54159
54162
5417
54179
54180
54182
54199
5420
54201
54202
54204
54209
54212
54232
54234
54240
54245
54249
54250
54259
54271
54274
5429
54302
54308
5431
54314
54315
54323
54332
54360
54366
54368
54371
54380
54387
54392
54415
54436
54460
54462
54464
54470
54492
54507
54509
54513
54547
54550
54553
54558
54559
54577
54582
54586
54588
54594
54595
54596
54600
54604
54607
54619
54639
54644
54645
54648
54649
54651
54658
54661
5468
54680
54681
54682
5469
54692
54695
5470
54712
54717
54720
54729
5474
54742
54745
54769
54775
54785
54790
54793
54805
54809
5481
54812
54834
54846
54860
54867
54878
54883
54904
54908
54913
54916
54931
54932
54944
54947
54948
54954
54962
54967
54978
54981
54994
55002
55004
55005
55012
55021
55029
55032
55035
55042
55047
55065
55079
5508
55087
55092
55093
55098
551
5512
55135
55145
55157
55158
5517
55176
55179
55194
55210
55215
55219
5522
55233
5524
55263
55264
55269
55270
55284
55289
55315
55319
55324
55328
55331
55334
55346
55351
55353
55354
55367
55381
55388
55414
55415
55436
55459
5546
55465
55472
55479
5548
55481
55496
55508
55512
55519
55529
55533
55536
55543
55546
55562
55568
55585
55594
55618
55620
55628
55641
55642
55647
55654
55659
55663
55671
55673
55682
55686
55693
55712
55714
55717
55724
55733
55739
55747
55757
55759
55776
55783
55793
55805
55810
55812
55813
55825
55828
55847
55871
5589
55892
55896
5590
55906
55919
5592
55937
55938
55942
55946
55954
55955
55966
5597
55972
5598
55984
5599
55990
55993
55998
560
56003
56015
5603
56036
5604
56064
56067
56070
56088
56089
56102
56104
56107
56119
56124
5614
56147
56150
56161
56164
56171
56175
56176
56177
5618
56182
56198
56230
56236
56238
56249
5625
56256
56265
56269
5627
56271
5628
56280
56284
56285
56288
56289
56320
56322
56324
56341
56349
5637
56378
56388
56393
56394
56397
56411
56415
56437
56461
56466
56478
5648
56507
56512
56524
56532
56537
56539
56544
56545
56547
56553
56556
56570
56583
56584
56590
56612
56613
56619
56629
56641
56642
5667
56693
56694
56696
56699
56723
56734
56736
56757
56758
5676
5677
56776
56777
56793
56794
56795
56801
56803
56805
5681
56811
5683
56830
56831
56835
56849
56862
56866
56867
56871
56877
56901
56903
56904
56911
56922
56930
56960
56966
56969
56985
5699
56995
56998
57
57023
5704
57041
57048
57050
57052
57054
57058
57063
57077
57082
57093
571
57105
57111
57141
5716
57173
57174
57175
57177
57186
57188
57195
57216
57222
57224
57226
57258
57259
57265
57276
57283
57285
57286
57296
5730
57300
57308
5732
57320
57325
57335
57339
57343
5736
57360
57410
57415
5742
5743
57437
57463
57481
57503
57524
57530
57546
5755
57563
5757
57577
57582
57584
57598
57600
57608
57610
57618
57622
57628
57634
57648
57656
57661
57665
57667
5768
57700
57708
57714
57717
5772
57724
57729
57731
57732
57736
5774
57751
57768
57774
57782
57784
57786
57791
57796
578
57806
5782
57821
57842
57849
57851
57866
57868
57872
57893
57894
57907
57909
57927
57928
57930
57933
57936
57937
57940
57947
57949
5795
57991
58019
58038
5804
58045
5805
58052
58057
58058
58059
58067
58069
58090
58091
5810
58102
58111
58123
58130
58143
58144
58145
58158
58170
58180
58200
58202
58220
58223
58229
58242
58245
5825
58255
58256
58262
58267
58269
58273
58284
58302
58308
5831
58314
58319
5832
58327
58334
5834
58340
58343
58344
58358
58359
58371
58375
58377
58378
58387
58398
58407
58410
58414
58417
58430
58438
58444
58445
58446
58467
58472
58478
58480
585
58500
58518
58539
58542
58559
58586
58604
58625
5865
58659
58664
58675
58679
5868
58685
58700
58709
58713
58725
58728
58732
58748
58755
58762
58768
58771
58820
58838
58861
58866
5889
58893
58894
58905
58909
58915
58916
58922
58924
58937
58971
58972
58979
58983
58986
58994
58996
59000
59001
59003
59004
59027
59033
59038
59068
59082
59090
59091
59110
59114
59124
59125
59130
59136
59141
59156
59167
59174
59177
59183
59184
5919
59194
59201
59202
59209
5921
59214
59241
5926
5927
59284
59298
59315
5933
59331
59337
59345
59355
59372
59373
59375
59388
5939
59396
59400
59410
59424
59428
5943
59435
59463
59465
59485
59487
59494
595
59511
59522
59524
59526
5953
59530
5954
59543
5956
59560
59562
59570
59573
59574
59575
59578
59581
59584
59589
59592
59601
59616
5964
59644
59647
5965
59651
59657
59663
5967
59684
59686
59689
59696
59697
59699
59714
59725
59730
59738
59760
59769
5978
59781
59794
59796
59822
59836
59838
59845
59848
59874
59876
59892
59900
59903
59907
59910
59932
59937
5995
59962
59968
60008
60026
60045
60051
60052
60060
60062
60074
60081
60096
601
60104
60129
60133
60136
60149
60152
60153
60167
60194
6020
60201
60204
6022
60232
60241
60244
60246
60251
60261
60268
60270
60280
60289
60306
6031
60313
60325
60329
6034
60348
60351
60354
60361
60366
60384
6040
60414
60419
60426
60428
60432
60444
60445
60446
60448
6045
60453
60472
6048
60485
60486
60492
60506
60511
60529
6053
60556
60563
60570
60583
60617
60628
60646
60647
6065
60654
60669
60677
60678
60683
60684
60688
60713
60715
6072
60724
60732
60734
60735
60743
60756
60761
6077
60772
60775
60783
60784
608
60814
60817
60819
60839
6085
60874
60886
60893
6091
60915
60927
60929
60936
60942
60946
60967
60970
60973
60979
61000
61002
61008
61018
61035
61041
61050
61053
61057
6106
61065
61068
61073
61095
61096
61106
61108
61112
61113
61120
61128
61130
61143
61172
61183
61187
61193
61198
61209
61210
61213
61226
6123
61231
61233
61249
61250
6126
61261
61266
61275
6128
61280
61282
61285
61297
6130
61303
61312
61319
6132
61335
61354
61371
61376
61377
61378
61383
61389
61390
61399
61400
61402
61410
61420
61421
61436
61440
61466
61468
61488
61497
61501
61504
61507
61509
61530
61531
61541
61543
61551
61572
61582
61584
61589
61623
61626
61636
61638
61658
61662
61664
61667
61684
61694
617
61705
61714
61716
61737
6174
61754
61783
61792
61800
61801
61810
6183
61830
61832
61837
61848
61866
61896
61899
61905
6191
61910
61913
61917
61930
61940
61942
61945
61948
61954
61964
61966
6197
61977
61978
61986
61987
61994
61996
61998
6200
62009
62012
62019
6203
62039
62046
62068
62071
62077
62082
62084
62086
62093
62095
62113
62119
62124
62134
62136
62146
62152
62157
62180
62181
62182
62190
62211
62227
62229
62231
62239
62243
62250
62277
62280
62301
62303
6232
62321
62330
62340
62345
62346
62351
62382
62385
62389
62397
62402
62403
62423
62425
62429
62450
62452
62455
62477
62482
62483
62487
6249
62492
62508
62517
62523
62524
62530
62533
62537
6255
6257
62571
62572
62579
626
62605
62613
62621
62625
62627
6263
62631
62636
62643
62645
6266
62662
62664
6267
62674
62679
62686
62694
62714
62716
62717
62719
62727
62732
62734
62745
62777
62789
62791
62793
62796
62801
62809
62830
62832
62839
62849
62858
62866
62879
62887
62890
62894
62921
62922
6293
62939
62955
62964
62966
62980
63018
63023
63042
63046
63053
63055
63101
63104
63105
63106
63110
63117
63120
63128
6313
63130
63132
63141
63151
63158
63161
63177
6318
63187
63190
63195
63215
63223
63227
63229
63241
63247
63260
6327
63272
63277
63289
63292
63295
63303
63320
63322
63323
63334
63377
63383
63390
63401
63405
63410
63420
63435
6344
63450
63455
63471
63474
63477
63484
63487
63505
63506
63508
63518
63529
63536
63546
6355
63580
63583
63589
636
63630
63636
63644
63647
63655
63658
63677
63679
63725
63737
63749
63751
63771
63773
63774
63777
63797
6381
63822
63858
63859
63862
63874
63876
63886
63889
6389
63892
6390
63902
63921
63924
63925
63927
63934
6395
63952
63954
63963
63973
63977
64009
6401
64017
64020
64021
64023
64033
64035
64041
64042
64044
64050
64053
64059
64061
64093
64098
64106
6412
64121
64127
64128
64149
6415
64154
64156
64157
64162
64170
64181
64191
64199
64205
64213
64214
64216
64233
64242
64260
64262
64282
6430
64316
6432
64321
64323
64324
64340
64350
64360
64368
64380
64383
64388
64389
64407
64414
64423
64439
64441
64461
64482
64483
64487
64492
64497
64503
64506
64508
6451
64511
6453
64532
64537
64539
64547
64548
64555
64565
64566
64573
64575
64579
6459
64591
64597
64602
64606
64622
6463
64632
64636
64639
64665
64672
64679
64683
64697
64710
64735
64756
64768
64774
64775
64788
64799
648
64800
64803
64804
6482
64835
64836
64840
64849
64854
64890
64895
64915
64943
64945
6495
64950
64955
64958
64963
64964
64982
64988
64995
65
65004
65020
65021
65022
65033
65039
65041
65043
65051
65057
65064
65067
65076
65086
65091
65093
65094
65098
651
65104
65119
6512
65146
65171
65178
65179
6518
65188
65202
65211
65243
65249
65255
65272
65273
65301
65308
65309
65329
65345
67152
67582
68039
69296
70007
70009
70013
70027
70028
70030
70045
70051
70059
70073
70087
70111
70116
70122
70125
70127
70128
70131
70140
70147
70163
70184
70189
70192
70196
70206
70211
70227
70228
70247
70250
70253
70260
70266
70269
7027
70274
70275
70281
70292
70297
70298
703
70302
70309
70313
70318
70321
7033
70330
70337
70339
70349
70354
70356
70360
7038
70380
70389
70398
70404
70407
70408
7041
70420
70431
70441
70452
70454
7047
70480
70511
70518
70520
70522
70528
70537
70550
70554
70571
70573
70574
70577
70587
70589
7061
70613
70614
7062
70620
70626
7063
70635
70640
70645
70650
70652
70699
70700
70708
70711
70720
70725
7073
70736
70739
70749
70752
70764
70765
70772
7079
70801
70802
70808
7082
70823
70827
70836
70843
70847
70856
70857
7086
70880
70888
7091
70913
7092
70925
70929
70934
70944
70953
70956
70958
70959
70976
71011
71023
71034
71039
71051
71058
71073
71074
7110
71111
71113
71115
71117
7112
71131
71139
71155
71170
71175
71180
71198
71222
71246
7125
71262
71265
71268
71272
71282
71296
71298
71299
71300
71309
71316
71339
7134
71341
71344
71372
71393
71412
71417
71427
71438
71440
71443
71444
71448
71455
71463
71467
71471
71479
71491
71499
71504
71516
71542
71546
71549
71553
71554
71571
7158
71586
71588
71609
71610
71618
7163
71636
71639
71641
71643
71648
7165
71660
71666
71668
71671
71684
71702
71707
71714
71718
71722
71727
71728
71731
71740
71742
7176
71775
71787
71788
71791
71794
71798
71801
71817
71819
71820
71823
71825
71829
71833
71841
71847
71886
71897
719
71905
71907
71908
71920
71922
71924
71925
71928
71936
71945
71948
7195
71952
71954
71955
71958
71976
71977
71980
71984
71993
72
7202
72027
7203
72032
72043
72046
72051
72055
72059
72064
72068
72069
72070
7209
72093
7210
72102
72109
72111
72137
72146
72153
72160
72165
72170
72172
72179
72184
72187
72190
72196
72221
72224
72235
7224
72248
72257
72267
72271
72283
72289
7229
72293
72300
72302
72314
72331
72345
72363
72367
72378
72381
72385
72395
72400
72438
72442
72453
72459
7248
72497
7250
7251
72513
72515
72519
72530
72535
72559
72569
7257
72580
72581
72584
72588
72598
72607
72608
72633
72636
72647
72651
72654
72657
72662
72663
72665
72672
72692
727
72709
7275
72757
72764
72773
72781
72788
72804
72810
72811
72820
72821
72828
72829
72843
72851
72853
72859
7288
72880
72887
72895
72903
7291
72913
72918
72932
72938
72939
72946
72954
72958
72959
7297
73000
73004
73008
73015
73030
73044
73048
73049
7305
73069
73070
7308
73083
73089
73110
73112
73114
73118
73134
7314
73146
73148
73153
73161
73172
73178
73194
73197
73200
73205
73215
73232
73237
73250
73258
73266
73279
73297
73301
73313
7332
73324
73327
73358
73374
73379
734
7340
73406
73407
7341
73413
7342
73420
73421
7343
73435
73441
73445
73455
73456
73464
73474
73475
73496
73504
73507
73518
73520
73523
73586
73589
73594
73598
73601
73605
73608
73614
73616
73617
73622
73627
73652
73665
73668
73680
73696
73700
73707
73717
73727
73732
73733
73746
73747
73755
73772
73777
73805
73807
73816
73825
73828
73837
73840
73845
73846
73848
73849
73856
73860
73867
73870
73871
73872
73880
73883
73887
73896
73907
73909
73916
73921
7393
73941
73945
73948
73953
73959
73962
73968
73970
73972
73987
73994
74008
74011
74014
74027
74036
74045
74057
7406
74069
74071
7412
7414
74145
74177
74179
74190
74194
74200
74201
74204
74211
74214
74217
74231
74241
7425
74269
7427
74271
74277
7428
74291
74292
74310
74323
74327
74344
74346
74347
74355
74372
74391
74394
74396
74417
74418
74419
74420
74421
74422
74426
74431
74436
74437
74442
74452
7446
74463
74480
74482
74486
74494
74516
74524
74526
74528
7453
74546
74552
74592
74595
74598
74603
74611
74615
74617
74620
74631
74637
74645
74670
74672
74678
74679
74681
74695
74704
74722
74728
74740
74753
74756
74758
74760
7477
74777
74778
74781
74785
74788
74797
74845
74851
74860
74867
74873
74876
74882
74883
74891
74894
74896
74898
749
74904
7491
74912
74913
74932
74939
7494
74942
74946
74947
74949
74963
74965
74969
74976
74992
74995
75030
75041
75047
75051
75055
75062
75063
75065
75067
75074
75075
75081
75084
75086
75096
75103
75105
75106
75110
75125
7513
75136
7514
75142
75145
75149
75156
75157
75160
75161
7517
75174
75177
75188
75189
7520
75220
75229
75233
75243
75268
75271
75277
75278
75279
75288
75293
75294
75299
75308
75313
75329
75332
75341
75342
75343
7535
7537
75374
7540
75403
75406
75407
75414
75416
75417
75422
75438
75444
75466
75475
75492
7552
75523
75527
75529
75532
75535
75539
75556
75558
75560
75578
75581
75596
75598
75601
75607
75609
75613
7562
75624
75630
75633
7564
75641
75643
75663
75665
75666
75667
75670
75674
7568
75688
75690
75691
7570
75740
75750
75751
7576
7577
75772
75784
75804
75822
75826
7583
7585
75852
7586
75862
75876
75878
75881
75889
75898
759
75903
75904
75919
7592
75932
7594
75960
75965
75973
75979
75985
75993
76003
76016
7602
76034
7604
76044
76064
76065
76066
76072
76084
76086
76090
7610
76103
76109
7612
76122
76129
76137
76140
76142
76159
7616
76195
76196
76225
76229
7623
76232
76235
76236
76259
76260
76262
76269
76277
76299
76300
76304
76306
76317
76325
76326
76328
76330
76335
76343
7636
76361
76368
7638
76387
76400
76406
7641
76410
76418
76422
76426
76427
76433
76453
76463
76468
76469
76475
76480
76496
76503
76504
76518
76519
7652
76520
76535
76541
76549
76554
76567
76569
76571
76579
76584
76588
7660
76614
76615
76630
76637
76662
76667
76681
76685
76691
76698
76709
76715
76735
76752
76769
76771
76781
76794
76796
7681
76823
76824
76829
76834
76837
76838
76845
76853
76860
76865
76872
76875
76881
76884
76885
76895
76898
76900
76904
76906
76913
76917
76919
76926
76945
76946
76950
76956
76979
770
77007
77029
77031
77035
77048
77053
77081
77096
771
7711
77112
77116
77118
77129
77144
77146
7715
77176
77178
77185
77188
77197
77198
77199
77231
77232
77233
77238
77257
77260
77271
77276
77279
77302
77308
77309
77310
77323
77348
77349
77360
77370
77376
77385
77392
77394
77407
77455
77467
77468
77476
77478
77493
77498
7750
77504
77507
77512
77516
77518
77525
77527
77531
77538
77550
77551
77574
77581
77582
77599
776
77608
77615
77621
77625
77626
77636
77638
77644
77663
77670
77673
77680
77688
77691
77693
77697
7771
77722
77728
77732
77734
77751
77754
77762
7777
77771
77777
77784
77795
77814
77824
77831
77838
7784
77840
77841
77849
77851
7786
77864
7789
77896
77905
77929
77931
77939
77943
77949
77993
7800
78001
78004
78011
78012
78014
78026
78038
7805
78057
78080
781
78117
7812
78125
78133
78136
78148
78156
78163
78183
78192
78196
78197
78203
7821
78219
7822
78224
7823
78232
78260
78261
7827
78274
78286
78294
78300
78301
78312
78326
78327
78331
78345
78370
78376
78379
7838
78381
78384
78387
78403
78411
78424
78439
78440
78442
78451
78465
78467
78469
78487
78488
78489
78499
785
78506
78512
78515
78516
78520
78535
78545
78549
78551
78569
78571
78581
78582
78590
78599
78620
78622
78625
78627
78637
78674
78677
78685
78691
787
78703
78708
78727
78738
78754
78757
78760
78761
78764
78777
78797
78826
78829
78839
78845
78846
78860
78865
78869
7887
78883
78884
78894
78898
7890
78900
78904
7891
78911
78916
78921
78924
78950
78953
78976
78986
78991
79031
79034
79036
79041
79057
79061
79063
79083
7909
79096
79097
79103
79107
7911
7912
79141
792
7929
7939
794
7942
7950
796
7960
79703
79711
7975
79980
79990
80010
8002
80036
80053
80066
8007
80094
80095
80108
80113
80123
80125
80131
8014
80145
80146
80150
80166
80180
80192
80193
80219
80222
80229
80238
80243
80246
80257
80260
80266
80296
80299
803
80301
80315
80321
80348
80355
80356
80357
80361
80365
80367
80383
80389
80394
80395
80406
80413
80416
8042
80421
80429
80433
80448
80450
80458
80461
80479
80485
80519
80530
80531
80545
80551
80552
80556
80573
80576
80579
80586
80598
8061
80610
80619
80632
80634
8064
80641
80642
80644
80664
80673
80674
80685
80689
80692
80719
80721
80722
80735
8074
80757
80763
80767
80768
80774
80793
80808
80811
80816
80819
80829
80831
80841
80843
80846
80848
8085
80850
80852
80885
80915
80921
80922
80926
80928
80930
80939
8094
80952
80959
8097
80989
810
81004
81016
81019
81025
81038
8104
8107
81072
81073
81074
81082
81098
81114
81117
81125
81144
81164
81171
81197
81199
81208
81218
81234
81241
81243
81246
8125
81254
81256
81276
81287
81290
81293
81295
81306
81311
81312
81316
81318
81328
8133
81334
81341
8135
81359
81360
81368
81373
81380
81383
81393
81416
81428
81435
81442
81446
81470
81482
81510
81525
81534
81557
81595
81608
81611
81616
81618
8162
81631
81634
81635
81637
81645
8165
81688
81693
81700
81701
81712
81736
81743
81753
81755
81756
81757
81768
81774
81775
81780
81793
81796
81806
81814
81817
81819
81829
81834
81838
81846
81851
81852
81853
81861
81870
81886
81908
8191
81912
81935
8195
81963
81964
81973
81986
81994
81996
81997
82
82002
82004
82015
82019
82021
82027
82041
82073
82078
82089
8209
82090
82101
82113
82121
82131
82135
82139
82145
82163
82168
82176
8218
82187
82232
82241
82243
82250
82252
82253
82262
8227
82287
82291
82292
82312
82316
82334
82337
82342
82350
82353
82359
8236
82374
82381
82386
82395
8240
82401
82422
82439
82449
82466
82490
82493
82505
82509
82521
82523
82539
82541
82553
82554
82557
82567
82568
8257
82582
82595
82596
82615
82617
82618
82619
82622
82629
82632
82648
82657
82664
82673
82674
82684
82686
82693
82712
82718
82721
82722
82727
8273
82730
82733
82743
82750
82758
82773
8278
82786
82800
82805
8281
82811
82833
82843
82847
82848
82851
82856
8286
82877
82879
82887
82894
82901
82905
82909
82916
82917
82922
82930
82934
82936
82943
82949
82965
82967
82975
82986
82990
83
83011
83021
83038
83043
83049
83064
83070
83085
83086
83091
8310
83101
83110
83122
83128
83145
83165
83169
83176
83189
83193
8320
83201
83206
83213
83217
83245
83250
83255
8326
83264
83285
83287
83296
83299
83312
83314
83320
83331
83351
83352
83392
83396
83428
83438
8345
83455
83459
83474
83492
83498
83502
83512
83523
83528
83539
83550
83557
83559
83560
83573
83575
83582
83598
83600
83611
83627
83628
83639
8364
83644
83652
83670
83673
83680
83685
83688
83689
8369
83704
83715
83716
83727
83735
83736
83739
8375
83758
83765
83791
83799
83810
83827
83843
83852
83882
83884
83886
83890
83895
83907
83914
83927
83929
83931
83932
83941
83942
83943
83945
83946
83947
83959
83978
83989
83992
84
84010
84012
84019
84029
8403
84037
84043
84058
84062
84069
84083
84090
84091
84098
84102
84105
84125
84134
84143
84145
84171
84184
84189
84195
84242
84250
84252
84256
84257
84262
84270
84273
84280
84288
84308
84312
84317
8432
84321
84324
84341
84368
84370
84381
84388
84389
84398
84409
84416
84422
8443
84434
84453
84469
84475
84478
84492
84497
84515
84531
84539
84544
84549
8456
84569
8457
84577
8458
84592
84618
84622
84646
84649
84655
84678
84689
847
84708
8471
84724
84743
8476
84768
84770
84776
84779
8479
84791
84801
84802
84803
84816
84819
84822
84824
84827
8483
84842
84867
84878
84880
8489
84904
84907
8491
84913
84916
84929
84934
84938
8495
84954
84958
84960
84975
84979
85003
85004
85010
85023
85028
85036
85046
85052
85055
85056
85057
85062
85082
85084
85085
851
85103
85112
8512
85124
85125
85165
8517
85177
85178
85183
85198
85213
85236
85273
85276
8529
85297
85327
85334
85337
85338
85341
85344
85345
8535
85357
85370
85380
85384
8539
8542
85434
85447
85450
85474
85476
85489
8551
85517
85519
85525
85526
85530
85533
85546
85548
8556
85564
85567
85569
85581
85582
8560
85603
85614
85621
85622
85629
8563
85633
85635
85645
85647
85660
857
85711
85732
85745
8578
85780
85787
85794
85795
85802
85839
85854
85859
85860
85868
85877
859
85905
8591
85915
85918
85926
85931
85957
85958
85962
85963
85966
8599
85990
85996
85999
86016
86019
86042
8605
86057
86064
86077
8608
86089
86091
86096
86099
86103
86116
86119
86129
86137
86147
86149
86152
86164
86171
8619
86214
86217
86228
86234
86245
86247
86261
86263
86268
8628
86298
86319
86327
86343
86354
86357
86365
86375
86376
86389
86394
86414
8643
86452
86455
86459
86484
86502
86525
86528
86539
86549
86553
86565
86571
86581
86585
86593
86596
8660
8661
8662
86624
86638
86641
86642
86648
86649
86677
86691
86695
86696
8671
86716
86730
86739
86742
86746
86747
8677
86773
86785
86786
86796
86801
86804
86813
86821
86827
86829
8683
86834
86837
86838
86840
86843
8685
86850
86853
86855
86866
86871
86873
86881
86885
86893
86895
86905
86910
86914
86922
86932
86935
86942
86949
86955
86993
86998
8700
87000
87005
87007
8701
87020
87027
87036
87037
8704
87046
87049
87068
87070
8708
87102
87106
87142
87143
87195
8720
87208
87213
87238
87240
8725
87256
8726
87264
87272
87278
87279
87303
87310
87328
87330
8736
87360
87369
87372
87375
87381
87382
87391
87396
874
8740
87405
87411
87417
87429
87438
87453
87458
87468
87498
87500
87509
87521
87529
87533
87544
87546
8757
87574
87604
87607
8761
87630
8765
87659
87689
8769
87696
8770
87701
87721
8773
8774
87743
87748
87755
8776
87760
87766
87767
87784
87792
87799
87809
8781
87820
87826
87827
87832
87836
87849
87854
87859
87866
8790
87902
87909
87913
8792
87923
87942
87946
8795
87953
87959
87965
87968
87976
87977
87980
87982
87999
880
8800
88017
8802
88020
8803
88032
88034
88038
88046
88064
88068
88069
88105
88109
88113
88119
88124
88127
88146
88159
88171
88176
88184
8819
88192
88196
88206
88214
88218
88230
88234
88236
88245
88250
88263
88265
88278
88290
88303
88304
88309
88317
88323
88331
88345
88370
88377
88382
88384
88420
88428
88444
88448
8846
88460
88472
88484
88524
88526
88532
88535
8854
88551
88563
88564
88581
88583
88584
88595
886
88600
88603
88623
88638
88644
88645
88655
88660
88666
88669
88672
88701
88719
88726
88742
88746
88770
8880
88802
88806
88821
88823
88824
88829
88830
88835
88840
88841
88844
88852
88857
88858
88880
88887
88909
88912
88915
88920
88924
88931
88947
8895
88952
88983
89001
89004
89005
89012
89013
89017
89018
89020
89022
8904
89050
89053
8906
89068
89076
89091
89094
89100
89102
89107
89108
89111
89116
89121
89123
89125
89137
89162
89164
89167
89176
8920
89214
89220
89223
89230
89235
89237
89244
89245
89257
89272
89274
89281
89284
89288
89292
89293
89297
89306
89307
89316
89322
89323
89327
89345
89351
89355
8936
89370
89383
89386
89389
89394
89396
894
89406
89414
89415
89426
89444
89452
89475
89477
89478
89488
89502
89511
89521
89534
89538
89547
89548
89559
89566
89573
89580
89608
89612
89619
89637
89643
89657
89661
89663
89671
89684
89687
89709
89718
89721
89724
89755
89759
89766
89772
89773
89778
89794
89797
898
89808
89810
89815
89816
89824
89842
89846
89851
89858
89862
89863
89890
89897
8990
8992
89929
89934
89937
89939
89941
8996
89970
89976
89979
89988
89991
89997
89999
90019
90023
90026
90068
90083
90111
9014
90140
90154
90157
90167
90173
90197
90240
90241
90258
9026
90271
90276
90282
90286
90287
90288
90293
90294
90318
90336
9035
90369
90375
90396
90397
90405
90409
9043
90434
90439
9044
90443
90497
9051
90510
90515
90521
90553
90575
90596
90605
90615
90635
90642
90643
9066
9067
90672
90684
90693
90706
90711
90723
90738
90762
90763
90776
90789
90791
90807
90835
9084
90861
90872
90882
90888
90925
90927
90955
90979
91003
91007
91012
91019
91032
91043
91055
91072
91075
91077
91078
91087
91098
9111
91113
91124
91127
91141
91152
91153
91160
91169
91171
91191
91199
91204
91215
91218
91230
91231
91232
91234
91260
91261
91278
91286
91306
91307
91321
91322
91344
91358
91372
91380
91384
91397
91402
91406
91421
91423
91427
91435
91436
91438
9144
91446
9145
91455
91459
91476
91491
91496
91521
91534
91535
91537
91542
91543
91554
91556
91569
91581
91582
9159
91593
91614
91620
91621
91646
9165
91672
91695
91700
91706
91736
91753
9177
91770
91779
9178
91784
91827
91828
91829
91830
91833
91849
91857
9186
91862
91866
91876
91880
91881
91884
91889
91898
91900
91966
91969
91970
91973
91985
91989
91996
9200
92001
9201
92017
92019
92020
92026
92027
92031
92039
92050
92063
92070
9208
92089
92094
92101
92106
92112
92123
92126
92136
92141
92144
9215
92164
92168
92170
92172
92186
92232
92233
92239
92265
92288
92294
92299
9230
92306
92313
92321
92329
92344
92353
92359
92370
92384
92385
92408
92428
92439
9244
92453
92472
92483
92504
92505
92535
92538
92543
92556
92601
92603
92612
92628
92633
92654
92660
92664
92666
92712
92715
92734
92753
92763
9277
92777
92781
92784
92817
92830
92839
92850
92854
92900
92929
92940
92968
92972
92982
92997
93010
93021
93046
93058
93061
93080
93101
93107
93113
93117
93127
93135
93139
93147
93152
93153
93158
9321
93239
93245
9327
9328
9329
93303
9332
93328
9334
9337
93372
93388
9339
93395
93399
93407
93420
93428
93468
93487
93553
93560
93563
93569
93585
93588
93613
93616
9367
93691
93700
93701
93720
93725
93734
93740
93768
93769
93776
9378
93781
93783
93786
93790
93791
93793
93798
9381
93812
93818
9383
93849
93851
93870
93878
93881
9389
93890
93895
93897
93905
93911
93930
93939
93949
93958
93961
93962
93981
93987
94007
94028
94036
94047
94054
94057
94060
94064
94066
94082
94083
94094
94111
9413
94133
94154
94158
94196
9421
94214
94234
94246
94249
94250
94261
94262
94287
94289
94326
94330
94347
94354
94358
94359
94365
94377
94384
94407
94414
94429
94432
94435
94458
94460
94464
9448
94499
94500
94509
9451
94513
94514
94524
94534
94544
9455
94551
94577
94585
94594
9460
94604
94620
94625
94644
94645
94655
94671
947
94701
94702
94708
94729
94736
94756
94759
94762
94764
94784
9480
94812
94831
94851
94856
94857
94869
94872
9488
94880
94884
94890
94906
94925
94960
94961
94977
9498
94984
95000
95005
95034
95045
95047
9505
95069
95077
95094
95100
95102
95103
95107
95113
9512
95121
95126
95136
95138
95141
9515
95157
95165
95178
95207
95212
95230
95248
95251
95267
95284
95291
95297
953
95317
95319
95336
95341
95361
95364
95390
95408
95433
95436
95442
95449
95450
95452
95466
95477
95482
95488
95511
95514
95516
95519
9554
95546
95558
95559
9556
95568
9557
95579
95588
95621
95638
95673
9568
95688
95698
95706
95709
95716
95725
95739
95774
95830
95838
95844
95847
95848
95849
95854
95873
95877
95880
95884
95890
95909
95916
95918
95919
9593
95937
95946
9595
95955
9596
95963
95968
9599
96009
9602
96028
9605
96055
96060
96062
96072
96098
96099
96116
96123
9613
96140
9615
96153
96166
96169
96194
96196
9621
96234
96243
96260
96269
96276
96286
96308
96331
96342
96350
96363
96364
96373
96386
96389
96401
96407
96413
96418
96420
96427
96429
9644
96442
96444
96446
96450
96457
96458
96461
96469
96472
96510
96516
96531
9654
96541
96548
9655
96550
96559
96584
96613
96617
96619
96628
96641
96650
96656
96699
96721
96724
96726
96728
96733
96745
96761
96770
96778
9678
96787
96792
96793
96799
96806
96809
96811
96834
96843
96846
96847
96850
9686
96874
96892
96898
96904
96907
96914
96923
96932
96948
96963
96973
96982
96990
97001
97018
97032
97033
9704
9705
97101
97105
97106
97121
97126
97136
9715
97158
97164
97175
9723
97233
97253
9726
97275
97285
97294
97298
97299
97305
97311
97313
97321
97343
97356
97358
97363
97370
97395
97396
97405
97437
97445
97470
9749
97490
97500
97505
97508
97511
97517
97518
97535
97536
97537
97538
97549
97555
97557
97564
97566
97582
97601
97620
97626
97637
97643
97666
97671
97674
9768
97694
97709
97728
97729
97732
97733
97736
97757
97763
97785
97789
97790
97791
97795
97802
97806
97812
9783
97831
97836
97838
97847
97862
97864
97868
97879
97884
97907
97937
97957
97961
97967
97969
9798
97983
98003
98015
9802
98027
98029
98032
98036
98053
98064
98078
98090
98110
98125
98126
98175
98186
98189
98191
98197
98219
98226
98231
98235
98248
98252
98265
98266
98287
98322
98330
98335
98339
98340
98348
9835
98359
98362
98377
98388
9839
98390
98393
98399
9840
98418
9842
9845
98455
98461
98478
98481
98482
98484
98487
98492
98493
98503
98518
98522
98528
98553
98556
98578
98605
98607
9861
98622
9863
98633
98634
98635
98644
98646
9865
98656
98662
98669
9867
98676
98681
98701
98703
9872
98732
98740
98746
9876
98767
98799
98804
98817
98825
98830
98851
98863
9887
98891
98901
98908
9892
98934
98940
98949
9897
98982
99004
99006
99009
9902
99022
99023
99029
99044
9905
99053
99057
99068
99082
99105
99111
99124
99154
99155
99157
99163
99171
99175
99183
99188
99212
99215
99224
99228
9924
99252
99263
99285
9930
99305
99311
9932
99320
9934
99363
99377
9938
99406
99440
99448
99466
99498
99512
99514
99517
99549
99559
9956
99563
99567
9957
99577
99579
99585
99595
99597
99613
99615
99632
99643
99645
99653
99654
99662
99674
99681
99716
99721
99729
99748
99756
99765
99773
99778
99786
9979
99793
99800
99802
99841
99846
99851
99859
99880
99890
99905
99955
99966
99977
99980
99985
